100
4 2
5 2
6 2
1000 1000
1000 1
268 239
712 701
828 734
500 2
1000 489
1000 512
767 673
949 784
1000 508
500 110
506 390
1000 2
999 128
938 753
999 499
742 734
999 998
500 1
346 306
4 1
671 594
419 418
583 539
999 999
823 629
1000 500
1000 256
414 318
332 317
5 1
500 249
974 878
559 517
262 199
500 256
500 128
999 488
752 741
999 504
511 411
838 730
646 504
470 455
3 1
1000 499
560 509
999 497
999 255
408 352
500 127
1000 450
710 635
999 2
999 511
1 1
440 386
500 248
400 321
965 961
1000 498
264 217
500 116
777 703
999 498
999 487
921 888
1000 999
2 2
876 724
500 245
500 250
1000 511
999 512
999 127
500 244
500 255
371 366
999 1
500 212
3 2
1000 127
999 256
500 499
1000 255
552 435
270 203
311 271
500 500
999 357
1000 488
500 117
737 707
2 1
936 905
1000 128
