100
4 2
5 2
6 2
1000 1000
1000 1
716521 632490
2 1
999999 475711
999999 128
483144 445966
417298 324443
1000000 440262
1000000 1
999999 262143
780141 767847
500000 128
1000000 524288
500000 249999
1000000 127
2 2
365928 281933
296350 274554
956131 852063
705706 687978
264567 249635
1000000 475712
500000 499999
902728 884582
999999 127
908945 831414
617043 612481
500000 131072
686073 519300
1000000 999999
314608 267757
589185 557839
4 1
676530 649144
999999 499997
3 2
1000000 1000000
500000 237856
500000 237857
657659 603844
999999 1
999999 2
999999 524288
662981 555300
473622 357171
409410 320265
500000 208208
999999 262144
970054 877540
500000 2
893480 762508
1000000 499998
500000 127
659975 621663
500000 131071
500000 1
958367 825610
1000000 262143
1000000 475713
776107 662792
500000 500000
1000000 515829
999999 999999
1000000 128
999999 499998
500000 262144
500000 262143
3 1
1000000 2
903684 744573
621058 519058
879577 664015
638169 582693
5 1
999999 499999
500000 250000
999999 999998
1000000 499999
731725 717481
636369 629754
412087 372566
500000 249998
1000000 500000
1000000 524287
1000000 262144
294808 237291
999999 354635
987857 790806
315138 238354
482427 387490
999999 508114
344150 280046
1 1
999999 524287
500000 243993
999999 475712
